Test score: 2.31838984906
Test accuracy: 0.418618838458

Number of parameters: 611835

Image shape: (28, 28, 3)

{   'acc': [   0.061932331228804559,
               0.16869389706589497,
               0.2021299197928717,
               0.22090614542627054,
               0.23707972592948987,
               0.25025229723269771,
               0.26693047219814658,
               0.2869549051941046,
               0.30387209858815578,
               0.31677909385140463,
               0.32764115366625091,
               0.3386360014935576,
               0.34548786317364411,
               0.35441121793802566,
               0.35621713496257479,
               0.36429064641998254,
               0.36909757261921583,
               0.37247038827532825,
               0.3750995910208218,
               0.37871142507783478,
               0.38402294576779084,
               0.38957348488555771,
               0.39031709779301066,
               0.39422106549896485,
               0.39918733733467893],
    'loss': [   4.12978643077314,
                3.3856660892714316,
                3.1826028246769908,
                3.0759680722101335,
                2.9991277156978149,
                2.9411090018549531,
                2.8693120447924612,
                2.7787408282172126,
                2.7149668022520879,
                2.6533371621603643,
                2.6219565946639056,
                2.5736318007780348,
                2.5459943943613301,
                2.5212553823317787,
                2.492630033110093,
                2.474608511414905,
                2.4424596594416745,
                2.4369736825716366,
                2.4246585889332937,
                2.4100301716669206,
                2.398943908001693,
                2.381410111850121,
                2.379494266869151,
                2.3608243281800627,
                2.3437881760484016],
    'val_acc': [   0.20113314448999164,
                   0.24863078378640446,
                   0.26883852693469484,
                   0.2880075543190197,
                   0.28271954674502381,
                   0.29329556187331618,
                   0.32568460812931133,
                   0.34107648726338141,
                   0.36109537303278871,
                   0.36553352221325952,
                   0.37148253069214376,
                   0.39065155807928276,
                   0.39763928237560225,
                   0.39442870635486527,
                   0.40632672333514724,
                   0.415675165278378,
                   0.41208687444921932,
                   0.41161473085567341,
                   0.42549575071384371,
                   0.4245514636674616,
                   0.42653446655660671,
                   0.43210576017922786,
                   0.43371104819241058,
                   0.43474976390572062,
                   0.43862134090451499],
    'val_loss': [   3.3935171169644827,
                    3.0628605140617595,
                    2.9393240029008125,
                    2.8249693132550004,
                    2.8093300266013719,
                    2.8093415937522765,
                    2.6687047133026987,
                    2.5727649555890713,
                    2.5040139335635927,
                    2.5224962457381293,
                    2.580258881944435,
                    2.4220133724698938,
                    2.3848566958541797,
                    2.4233148575729646,
                    2.3525714699112097,
                    2.3186897460642122,
                    2.3468222977869684,
                    2.3487166337858856,
                    2.2887938206324159,
                    2.3032776708305724,
                    2.2946711736540393,
                    2.2788439510226586,
                    2.2982133231374653,
                    2.2928548277718939,
                    2.2944636665953007]}