Test score: 0.887561376037
Test accuracy: 0.767247476371

Number of parameters: 1575915

Image shape: (32, 32, 1)

{   'acc': [   0.52672730479887264,
               0.6542207667711698,
               0.68635872107737494,
               0.70420504482625634,
               0.7158316141442338,
               0.72536831529874923,
               0.73179513923529849,
               0.7381414361411508,
               0.74268929604082801,
               0.74707226725633813,
               0.75194223527606041,
               0.75506361635526087,
               0.75778619690100701,
               0.76032855028246416,
               0.76359564693927962,
               0.76540942242991927,
               0.76823553772791675,
               0.76962750496629062,
               0.77154481520918161,
               0.77279106686856913,
               0.77370370654279197,
               0.7756862053353436,
               0.77712802264051362,
               0.77637643702357062,
               0.77739644607464631,
               0.77977391077696478,
               0.78118121649500349,
               0.78065587348911514,
               0.7819251328686857,
               0.78262686841928975],
    'loss': [   1.7332943505530514,
                1.2721636393682199,
                1.1492341221868638,
                1.083231500791169,
                1.0363133446549724,
                1.0028251618417283,
                0.97512277553641236,
                0.95099296243054854,
                0.93199176465089695,
                0.91388085088773852,
                0.89697471671040396,
                0.88377269010321258,
                0.87078513025048054,
                0.85995340016059163,
                0.84942950039912068,
                0.83935845363940165,
                0.83178220590272589,
                0.82414157520819509,
                0.81524436322136662,
                0.81091228829642392,
                0.80601027910372813,
                0.79877307163710087,
                0.79399459691395846,
                0.79144967535312227,
                0.7886445483626654,
                0.78132382454550942,
                0.77937959752505315,
                0.77565766986638884,
                0.77261402656200762,
                0.76966258140926658],
    'val_acc': [   0.66836187769551014,
                   0.71257447710218635,
                   0.72943933388178395,
                   0.74206616308927276,
                   0.74783735945952678,
                   0.75780918904095929,
                   0.75719841447909653,
                   0.76202228703911445,
                   0.76698327225587715,
                   0.76803031436192759,
                   0.77350235584473859,
                   0.77301622915264379,
                   0.77028644080472664,
                   0.75881883678607931,
                   0.77346496148380828,
                   0.77689277790242561,
                   0.77611996110986459,
                   0.77857552414429232,
                   0.77198165183357015,
                   0.77792735522149925,
                   0.7778151721387081,
                   0.77868770722708347,
                   0.77670580609777384,
                   0.77836362276568694,
                   0.78262657991174933,
                   0.77989679156383218,
                   0.77889960860568896,
                   0.77863784807917635,
                   0.78002143943360003,
                   0.78280108692942441],
    'val_loss': [   1.2247985689421259,
                    1.0744062051397312,
                    1.0051048800924658,
                    0.96857863595531868,
                    0.93819230161905376,
                    0.91017145190662019,
                    0.91122995613385838,
                    0.89061701006027794,
                    0.88228845619605245,
                    0.87734056931952364,
                    0.84877141696829694,
                    0.8551039997559492,
                    0.86912733491611283,
                    0.91235364348530645,
                    0.85193147043656048,
                    0.83601442017336336,
                    0.84291272170686971,
                    0.83161236101445846,
                    0.85558857090545148,
                    0.83355649682999589,
                    0.83260967264719143,
                    0.83514804963552847,
                    0.84232866091096159,
                    0.83492488569049017,
                    0.82449402393836302,
                    0.82943148647508813,
                    0.83386650047714317,
                    0.83022543558307549,
                    0.83146824633204719,
                    0.82143713291933662]}