Test score: 1.35123024024
Test accuracy: 0.66824845679

Number of parameters: 124979

Image shape: (28, 28, 1)

{   'acc': [   0.39781338201006261,
               0.50597817334064166,
               0.54842742213803097,
               0.56962903881425708,
               0.58309239134602853,
               0.59091501714075356,
               0.5982928269598301,
               0.60109209991509993,
               0.60427866953961851,
               0.60612695661601801,
               0.60822449402182666,
               0.60784486659492465,
               0.60866930999838942,
               0.60774133184084489,
               0.60808261306515643,
               0.60893773343275071,
               0.60845457125062619,
               0.60846224049114428,
               0.60949758802371334,
               0.6095589419528864,
               0.61002293103074445,
               0.61084737443672354,
               0.61126918268944641,
               0.61131136351343873,
               0.6130484465947833,
               0.61282987322744664,
               0.61390740158583657,
               0.61441357148791553,
               0.61419883274243781,
               0.61470883726546155,
               0.61656095896097729,
               0.61566749238850693,
               0.61688690170242422,
               0.61598193126963374,
               0.61708246734774941,
               0.61831338052472951,
               0.61924135868410257,
               0.6184974423095061,
               0.61822518425488582,
               0.61929120875044152],
    'loss': [   2.2442256039176955,
                1.8693015620517772,
                1.7469624565927087,
                1.6746974245462665,
                1.6325288460260539,
                1.6043445959981735,
                1.5855652652975432,
                1.5746272246976636,
                1.5664175208478988,
                1.5608274068143495,
                1.5569851918636721,
                1.5590028455804847,
                1.5551331804644737,
                1.5542338225085459,
                1.5533475809059769,
                1.5568609210865241,
                1.5539327082505356,
                1.5526491278565882,
                1.5523622182963357,
                1.5506414770435475,
                1.5494728442721895,
                1.5442316245181005,
                1.542703907828102,
                1.5424304067786374,
                1.5390653780507579,
                1.537033777235622,
                1.5359276916213673,
                1.530575041972398,
                1.5320489111906319,
                1.5288708973522973,
                1.5280315112283571,
                1.5245618190641483,
                1.5236637968755957,
                1.5223086795100282,
                1.5220157231504219,
                1.5211524998101922,
                1.5163683819839016,
                1.5140888335380411,
                1.5160039731554049,
                1.5138824690561343],
    'val_acc': [   0.52272387315516555,
                   0.59263829681150748,
                   0.62820033405629094,
                   0.63579138932515644,
                   0.65685687931593251,
                   0.65532371051778726,
                   0.65703138633360758,
                   0.66406152618851744,
                   0.66131927305362348,
                   0.66776356792062419,
                   0.65605913294941787,
                   0.66513349786852138,
                   0.66133173784060029,
                   0.67003215915040015,
                   0.67215117293645454,
                   0.66677884974945778,
                   0.66760152568992592,
                   0.66888539874853536,
                   0.66786328621643853,
                   0.6580410340787276,
                   0.66530800488619646,
                   0.66948370852342132,
                   0.66328870939595641,
                   0.66169321666292724,
                   0.66336349811781714,
                   0.66743948345922766,
                   0.67655124273926159,
                   0.67854560865554803,
                   0.67688779198763493,
                   0.67641413008251694,
                   0.6763393413606561,
                   0.66360032907037614,
                   0.67165258145738294,
                   0.64997631690474411,
                   0.67914391843043398,
                   0.66669159624062024,
                   0.67903173534764294,
                   0.67787251015880134,
                   0.68412983322115029,
                   0.68063969286764892],
    'val_loss': [   1.7747732787955839,
                    1.5547400027801122,
                    1.4422883636666433,
                    1.4109976625988134,
                    1.3439678598044029,
                    1.3502071685712915,
                    1.3441848734733759,
                    1.3413359120711832,
                    1.3470719866711851,
                    1.3463868328679387,
                    1.3610091441809258,
                    1.3276035769716286,
                    1.3549384396669322,
                    1.3094603923045092,
                    1.3079989151047289,
                    1.3164693182106075,
                    1.3343173265784056,
                    1.3680637861526714,
                    1.3354658909119543,
                    1.3535557782745389,
                    1.3200426904997191,
                    1.2981610271053587,
                    1.3316027292349253,
                    1.3274798423197356,
                    1.3456308240354147,
                    1.3364740072238475,
                    1.2847319150031633,
                    1.2781085465628568,
                    1.2863145988690921,
                    1.2932507686924892,
                    1.2826248102973508,
                    1.3209457587365951,
                    1.2958670079840346,
                    1.4124077879951324,
                    1.2733880611901758,
                    1.3193108289323159,
                    1.2861617244392796,
                    1.2750005859634512,
                    1.2550909562643811,
                    1.299996816344938]}