Test score: 1.48782583712
Test accuracy: 0.617797209543

Number of parameters: 611259

Image shape: (28, 28, 1)

{   'acc': [   0.3444093473994112,
               0.43717799313052014,
               0.46510058881256133,
               0.47987668333430172,
               0.49288518155053973,
               0.50228471540726205,
               0.51229759568204125,
               0.51590539587652429,
               0.52622055937193324,
               0.52691057409224729,
               0.52916462217860649,
               0.5335593116408115,
               0.53718412659470072,
               0.53926950441609423,
               0.54095620706575076,
               0.54816098653698608,
               0.54793302257114818,
               0.54929771835132479,
               0.55121442590775271,
               0.54929599068004586,
               0.55268645731108934,
               0.55601386162904809,
               0.55477183513248285,
               0.55694959967914337,
               0.55845191364082436,
               0.56342001962708543,
               0.55697988223748773,
               0.55990981318719613,
               0.56039928851815501,
               0.56125797350343476,
               0.56273000490677139,
               0.56182704990767796,
               0.5650300539744848,
               0.56616474484789003,
               0.56049129048086355,
               0.56713396116262449,
               0.56621074582924436,
               0.56561273307163884,
               0.56355802257114818,
               0.56489462867507634],
    'loss': [   2.4370329925777634,
                2.0752524466229141,
                1.976825959695333,
                1.91699471035312,
                1.8799450532025983,
                1.8358079901913782,
                1.8157013617273168,
                1.8107782776777963,
                1.767478682078838,
                1.768578750579467,
                1.7628607864878245,
                1.7566745236057522,
                1.7425383910814609,
                1.7305110741527321,
                1.7248541270844251,
                1.7066014258421771,
                1.71243603783454,
                1.7010509024892402,
                1.6941045441969103,
                1.7104189004037691,
                1.6978179605657617,
                1.6759754175994768,
                1.689251102689906,
                1.6897049337893366,
                1.6796785955983593,
                1.6655488453798135,
                1.6884517700679169,
                1.6783719496762242,
                1.6692486816872791,
                1.6777236596173932,
                1.6733595738818063,
                1.6734405937778163,
                1.6683266829988088,
                1.6634551758738096,
                1.6783007025075263,
                1.66357414384697,
                1.6606382245930886,
                1.6608167795484503,
                1.6709638868803132,
                1.6695595218153862],
    'val_acc': [   0.45678458355146712,
                   0.50104704210605044,
                   0.51458380076284493,
                   0.52394485578241468,
                   0.54018647321317281,
                   0.55474534440206413,
                   0.56396928676488922,
                   0.5698775957918879,
                   0.57050083514072747,
                   0.58287836860868047,
                   0.58613167800962285,
                   0.59040709994266194,
                   0.59100540971754789,
                   0.59899533816967065,
                   0.5969635778924538,
                   0.60347019669433855,
                   0.601712661730611,
                   0.60960287188691942,
                   0.60349512626829205,
                   0.61013885772692145,
                   0.60834392840226359,
                   0.61134794206367016,
                   0.60975244933064099,
                   0.61296836437065294,
                   0.61093660409343609,
                   0.61754294119113506,
                   0.61802906788322987,
                   0.61669533567671331,
                   0.60891730860319593,
                   0.61972427891207338,
                   0.61827836362276567,
                   0.62063420836137906,
                   0.62089596888789167,
                   0.61615934983671128,
                   0.62039737740882006,
                   0.59478224017151549,
                   0.62145688430184731,
                   0.61422730785530877,
                   0.5434896417620223,
                   0.62145688430184731],
    'val_loss': [   1.9882290410920593,
                    1.8422078747395443,
                    1.7711676722275655,
                    1.730801984749875,
                    1.684099095091129,
                    1.6651990365105958,
                    1.6161193341136386,
                    1.610602651077353,
                    1.5943434708786448,
                    1.5700229371144261,
                    1.6106844662645232,
                    1.6135001812407244,
                    1.5346802316422719,
                    1.5268359303865549,
                    1.5145418923972738,
                    1.501538638998706,
                    1.5111035303726807,
                    1.4830810614549668,
                    1.4968927495395719,
                    1.5205290179166679,
                    1.486431607953292,
                    1.4833920208273346,
                    1.5157055021483876,
                    1.4712044969251237,
                    1.4846600131405094,
                    1.4697396971746535,
                    1.4691961585882491,
                    1.5140458091677782,
                    1.5791127790382531,
                    1.4665375578939295,
                    1.4629841142381199,
                    1.4548994373003856,
                    1.5132360221682082,
                    1.46741291518415,
                    1.4495677050087277,
                    1.6157484594964233,
                    1.4462795398849482,
                    1.4581838965787572,
                    1.8751990362495496,
                    1.4478089447210256]}