Test score: 1.43485105644
Test accuracy: 0.659104938272

Number of parameters: 611259

Image shape: (28, 28, 1)

{   'acc': [   0.52695499447784999,
               0.63064935463474325,
               0.66683666817632214,
               0.68658879830663155,
               0.69896311861969307,
               0.7076216916807172,
               0.71345031482325627,
               0.71832028284252136,
               0.72229678428771626,
               0.72582080051628728,
               0.72830946921091788,
               0.72953271314829404,
               0.73183732005997648,
               0.73353605693735924,
               0.73506223589005681,
               0.73636984147587481,
               0.73795353973908639,
               0.73980566143323079,
               0.73998588859797698,
               0.74026965051360305,
               0.74245154956876769,
               0.74195304890629254,
               0.74266245369787187,
               0.74421164037440934,
               0.74464495248950924,
               0.74403524783243635,
               0.74597940041919764,
               0.7462133122671134,
               0.74610977751486218,
               0.74722181745581207,
               0.74762828722749874,
               0.74756309868103787,
               0.74912762383861153,
               0.74880168109670753,
               0.74958010905569239,
               0.74936153568972708,
               0.749756501599951,
               0.75033936391361067,
               0.75074966830624201,
               0.75134786910048079],
    'loss': [   1.7379504523038543,
                1.3692816168330628,
                1.2425479101495283,
                1.1713888319966113,
                1.1273656931216458,
                1.0993402167507773,
                1.0786190671156688,
                1.0584266665830426,
                1.0445211511195438,
                1.0334214515194209,
                1.0254700935039336,
                1.017515056197688,
                1.0089737214562027,
                1.0015788925950142,
                0.99449096351009192,
                0.98985803941286643,
                0.98390977819632341,
                0.98031833403312973,
                0.97743577607125565,
                0.97459513471892167,
                0.97007149733759168,
                0.96784807985985344,
                0.96511164745723244,
                0.9630123882103685,
                0.96096826225813792,
                0.95897938400798843,
                0.95751490291374619,
                0.95628821260752239,
                0.95359123741579044,
                0.95326360713438041,
                0.95060420478947527,
                0.94930245819565084,
                0.94938251743747004,
                0.94562640190837621,
                0.94475653402002124,
                0.94642965716730776,
                0.94467874886926673,
                0.94034898154337376,
                0.94100070986484918,
                0.93864337342858994],
    'val_acc': [   0.59670422816114876,
                   0.64263455737541442,
                   0.65883878044524224,
                   0.67112906040435771,
                   0.67261237005459573,
                   0.67956772118764486,
                   0.67035624361179669,
                   0.66453518809363543,
                   0.67116645476528802,
                   0.67758582005833523,
                   0.67618976391693464,
                   0.67207638421459381,
                   0.67298631366389949,
                   0.67172737017924367,
                   0.67617729912995783,
                   0.67400842619599632,
                   0.66996983521551612,
                   0.67501807394111635,
                   0.67100441253458976,
                   0.66904744097923363,
                   0.66889786353551217,
                   0.66889786353551217,
                   0.66836187769551014,
                   0.65652033006755917,
                   0.6763268765736794,
                   0.67106673646947379,
                   0.65604666816244106,
                   0.66796300451225288,
                   0.66576920200433776,
                   0.64567596539775141,
                   0.66894772268341929,
                   0.66038441403036419,
                   0.67078004636900757,
                   0.6551990626480193,
                   0.65858948470570633,
                   0.65757983696058631,
                   0.66555730062573226,
                   0.66483434298107846,
                   0.66124448433176275,
                   0.66381223044898163],
    'val_loss': [   1.4945059055391896,
                    1.3269083427217319,
                    1.2785100688176627,
                    1.2442744832785049,
                    1.2405224169370193,
                    1.2489163221924331,
                    1.2452148552462534,
                    1.275177180488078,
                    1.2539239095268702,
                    1.2650482520422821,
                    1.2716717678076832,
                    1.251743391683326,
                    1.2740916185308722,
                    1.2637264931582033,
                    1.293145776796492,
                    1.295568133886877,
                    1.3424701205580907,
                    1.2966361862046807,
                    1.3358581120347182,
                    1.3192698812947159,
                    1.334432528542173,
                    1.3144906443663698,
                    1.3107429177866934,
                    1.347351794068947,
                    1.3367248871184809,
                    1.3369713080176051,
                    1.3294493088812751,
                    1.3296693383345706,
                    1.350939827564692,
                    1.3478907261166282,
                    1.4071478446963612,
                    1.3340638373379123,
                    1.3252083445155232,
                    1.3464411117228918,
                    1.3594471320738,
                    1.438594234462832,
                    1.3315788459243496,
                    1.3411007871323313,
                    1.4845931882310033,
                    1.385455579796681]}