Test score: 1.70707903936
Test accuracy: 0.556329968496

Number of parameters: 611835

Image shape: (28, 28, 3)

{   'acc': [   0.40129686864913838,
               0.4766088150269483,
               0.4896465246834521,
               0.49434010015982999,
               0.4961500410318106,
               0.49973541118646919,
               0.49939412996250043,
               0.49980059973532992,
               0.5008589549899104,
               0.50069790092874511,
               0.49972390732534916,
               0.50019173102529479,
               0.49907202184199828,
               0.4997967651143852,
               0.49892630626369766],
    'loss': [   2.5187624408806166,
                1.9547688702727479,
                1.9047737405509886,
                1.8867796385699009,
                1.8819654960000984,
                1.8715620047823529,
                1.8683128232943718,
                1.8728820598005418,
                1.869764423949261,
                1.8757204908372405,
                1.8781681751082386,
                1.8798536270734121,
                1.880305889709833,
                1.8815785870126867,
                1.8863872714351715],
    'val_acc': [   0.50881260439259091,
                   0.54331513474434723,
                   0.54176950115922518,
                   0.54736619051180413,
                   0.54899907760576372,
                   0.55636576670904692,
                   0.55439633036671399,
                   0.54968464088948721,
                   0.56492907536210202,
                   0.56111485054720411,
                   0.54638147234063772,
                   0.56183780819185802,
                   0.5617754842569741,
                   0.54827611996110992,
                   0.56937900431281629],
    'val_loss': [   1.8310778329317308,
                    1.7223872459987111,
                    1.7184361423898218,
                    1.7429164714803485,
                    1.685306109097771,
                    1.6988289362948041,
                    1.6839026221399742,
                    1.7484117884276096,
                    1.6497253413879502,
                    1.6484406926472459,
                    1.7482614559114813,
                    1.6458470061169903,
                    1.6694772079491527,
                    1.7015621651976212,
                    1.651750990033753]}