Test score: 1.76646428849
Test accuracy: 0.535583847737

Number of parameters: 2781083

Image shape: (28, 28, 1)

{   'acc': [   0.28352049582719685,
               0.37898870888561609,
               0.41451890034364264,
               0.43614997545409917,
               0.45208441976747754,
               0.46041973490427096,
               0.46667893961708395,
               0.46980854197349042,
               0.4766557256357557,
               0.48057805596465392,
               0.48100760922925873,
               0.48534916543937162,
               0.48699346605724103,
               0.48654577810505645,
               0.48510370643102602,
               0.48525711831124202,
               0.48664069450531655,
               0.48952196858124691,
               0.48788046146293568,
               0.48703669612174766,
               0.49265314886776879,
               0.49171575846833576,
               0.49223735886107023,
               0.48637702503681884,
               0.49470842663702552,
               0.49128620520373095,
               0.4887088856161021,
               0.4888162739322533,
               0.49286787938371734,
               0.49099472263132055,
               0.49004356897398132,
               0.49156234658811976,
               0.49615018865792215,
               0.4953669612174767,
               0.49051914580265094,
               0.49094869906725574,
               0.49222368784409959,
               0.49780621011291115,
               0.49318851251840945,
               0.49410898379970547],
    'loss': [   2.7180659054656444,
                2.2896983018972503,
                2.1527997541497839,
                2.0717476865036204,
                2.0155943371795497,
                1.9878203659064639,
                1.9756900827616644,
                1.96403351998177,
                1.9367573331984249,
                1.9235041997101474,
                1.9293352134917141,
                1.9188529983945612,
                1.9049638402056461,
                1.9117149294856488,
                1.9079063230129685,
                1.9197993570528138,
                1.9037425823162522,
                1.895312303237372,
                1.9055096846207369,
                1.9108158805877131,
                1.9020675574531183,
                1.8930142180382414,
                1.9011460737557053,
                1.9130229178631371,
                1.889835482846923,
                1.9001489156709914,
                1.9119561083713581,
                1.9008191800257945,
                1.8935150356284534,
                1.8995598140568142,
                1.8955406001167785,
                1.8917194302022369,
                1.8805510036608695,
                1.8843510012212312,
                1.9043011519039268,
                1.8918656557871538,
                1.8946100552281944,
                1.8788040638789278,
                1.8920155320322039,
                1.8901627554165481],
    'val_acc': [   0.37695702034303946,
                   0.44003190985466056,
                   0.4679156383217411,
                   0.4863510582604143,
                   0.48798394535437389,
                   0.50154563358512205,
                   0.50946077331538409,
                   0.50416323885024805,
                   0.51656570189215467,
                   0.51930795502704863,
                   0.52284795452845712,
                   0.52354598259915741,
                   0.52575224989404934,
                   0.52444344726148628,
                   0.52651260189963356,
                   0.52327175728566799,
                   0.52769675666242866,
                   0.52752224964475358,
                   0.5292174606735971,
                   0.5323087278438412,
                   0.53460224864757067,
                   0.53177274200383917,
                   0.53333084037593792,
                   0.53213422082616613,
                   0.53404133323361502,
                   0.53594844564106403,
                   0.5361104878717623,
                   0.53329344601500761,
                   0.53510084012664227,
                   0.53335576994989153,
                   0.53436541769501156,
                   0.53928900855084383,
                   0.53785555804851293,
                   0.53262034751826093,
                   0.53993717747363701,
                   0.5413456984020143,
                   0.54047316331363893,
                   0.5397003465210779,
                   0.54322788123550969,
                   0.54007429013038166],
    'val_loss': [   2.2461169589597674,
                    2.0320824185368238,
                    1.9335310846961666,
                    1.9026058228487293,
                    1.8603463050651232,
                    1.8341556577738602,
                    1.8019705850246424,
                    1.8005076014308783,
                    1.7774157577884273,
                    1.7683677833224665,
                    1.7556604013492207,
                    1.7535775063047561,
                    1.7638780614918619,
                    1.7614330524053559,
                    1.7483325282800999,
                    1.7627713814653794,
                    1.753875667722016,
                    1.7526549461567686,
                    1.7385683635931539,
                    1.7428886103647303,
                    1.7345633960574383,
                    1.7397883018981224,
                    1.7408627521316231,
                    1.7441990593711056,
                    1.7370688642616376,
                    1.7194838747168564,
                    1.7239245747353749,
                    1.7275590080777807,
                    1.7302959127623239,
                    1.7414030593425474,
                    1.7301194860926117,
                    1.7187986855844142,
                    1.716433211116835,
                    1.7367824908103826,
                    1.7175467565053539,
                    1.7275866174461318,
                    1.7273044707402865,
                    1.7193009919077777,
                    1.7107776611931194,
                    1.7503338980430458]}