Test score: 1.51416625306
Test accuracy: 0.625152703658

Number of parameters: 611259

Image shape: (28, 28, 1)

{   'acc': [   0.4280970312372756,
               0.50219340291799885,
               0.52382833171069632,
               0.53612212499328937,
               0.54461964399406249,
               0.54813599098051546,
               0.55257264688536634,
               0.55513800799089197,
               0.55858533181062509,
               0.56208634031444193,
               0.56330574962995916,
               0.56307183777884351,
               0.56528824842205372,
               0.56603599941668059,
               0.56645013842934244,
               0.56860519514337948,
               0.56962520419354101,
               0.57043047449639628,
               0.57093664440121794,
               0.56996648541693828,
               0.57215988833539433,
               0.57263921589703126,
               0.57311854345729685,
               0.57382411362747432,
               0.57407719857874229,
               0.57415005636846406,
               0.57475209178456177,
               0.57686880229417981,
               0.57597150110145034,
               0.57539630802693742,
               0.57638564011319804,
               0.57586413172711159,
               0.57614789364296615,
               0.57683045609067507,
               0.57652368645098051,
               0.57656586727520143,
               0.57671158285555912,
               0.57602518578873396,
               0.57587947020883345,
               0.57740181454150052],
    'loss': [   2.1137629091118426,
                1.8414789447390127,
                1.7762228365579529,
                1.7426485017741646,
                1.7201473206584963,
                1.7120796391355273,
                1.6979221967479816,
                1.6915886403666058,
                1.6809739141202906,
                1.6718205226821587,
                1.6686055140636789,
                1.6681057221072655,
                1.6642372363340923,
                1.6606562296865199,
                1.6585477108927626,
                1.65451139772041,
                1.6503425481991563,
                1.649079599188392,
                1.6462774655916417,
                1.6439012163649429,
                1.6399622306489043,
                1.638833482621973,
                1.636127276432698,
                1.6365017033386868,
                1.6341175984144494,
                1.6337765547008718,
                1.6363104415842606,
                1.6288015934136495,
                1.6314286918106071,
                1.6319155762152819,
                1.6298912796755238,
                1.6303632305757676,
                1.6259103629524188,
                1.6280758162348823,
                1.6275458470946986,
                1.6308788023977918,
                1.6284798909952056,
                1.6309723945772834,
                1.6271317739533724,
                1.6298157206147839],
    'val_acc': [   0.53087527734151019,
                   0.56277266721511732,
                   0.58692942437613738,
                   0.59990526761897645,
                   0.60562660484132325,
                   0.60649913992969862,
                   0.60970259018273376,
                   0.60944082965622115,
                   0.62018547603021468,
                   0.61743075810834391,
                   0.62321441926557475,
                   0.62858674245257151,
                   0.62044723655672729,
                   0.61982399720788772,
                   0.63029441826839183,
                   0.62464786976790565,
                   0.63187744621444419,
                   0.63039413656420606,
                   0.62671702440605292,
                   0.62494702465534868,
                   0.62580709495674713,
                   0.63161568568793158,
                   0.63342307979956625,
                   0.62803829182559268,
                   0.63636476952608878,
                   0.63297434746840175,
                   0.63433300924887193,
                   0.62889836212699124,
                   0.63278737566374987,
                   0.63035674220327576,
                   0.63533019220701514,
                   0.62803829182559268,
                   0.63423329095305758,
                   0.63823448757260737,
                   0.6074090693790043,
                   0.63491885423678107,
                   0.63367237553910205,
                   0.63318624884700725,
                   0.62858674245257151,
                   0.63343554458654305],
    'val_loss': [   1.7425202943206894,
                    1.6209597676116467,
                    1.5992209927691539,
                    1.5161214558398795,
                    1.4990503086165405,
                    1.4931201905434131,
                    1.5075897133270431,
                    1.5293429927242497,
                    1.5211380770734071,
                    1.4798161078476531,
                    1.450302018107174,
                    1.4428318324054101,
                    1.4647417190851468,
                    1.4534312725346492,
                    1.4332280641712034,
                    1.4437002965224024,
                    1.4240746097801493,
                    1.516377798764371,
                    1.4365097564999574,
                    1.430162060903581,
                    1.448578198929124,
                    1.4150148044095996,
                    1.4176887658730473,
                    1.4820761096458785,
                    1.4073130602517474,
                    1.4185162450737185,
                    1.4156754525951865,
                    1.4260248906312893,
                    1.4160753695425068,
                    1.44438247588682,
                    1.4065471057795944,
                    1.455602830092243,
                    1.4228819708887548,
                    1.3913570659425643,
                    1.5757244310432996,
                    1.4304065831243133,
                    1.4335030621890072,
                    1.4097601992671076,
                    1.450564656116051,
                    1.4666778665947295]}