Test score: 1.94056816587
Test accuracy: 0.465419238683

Number of parameters: 611259

Image shape: (28, 28, 1)

{   'acc': [   0.3265546386059639,
               0.39862797278907591,
               0.41170786327231479,
               0.41905116150666,
               0.42007500517742336,
               0.41970688160992708,
               0.4211333604315467,
               0.42065403287036685,
               0.42013252448450894,
               0.41697279720271802,
               0.41617903076269691,
               0.41642444647298976,
               0.41532007577232938,
               0.41457999401844914,
               0.41336441932479095,
               0.41045010775329283,
               0.41211816766517478,
               0.41166951706835292,
               0.41117101640496356,
               0.41037341534342636,
               0.40651195251217415,
               0.40356696397757513,
               0.40361681404528543,
               0.40467900391898215,
               0.40401177995459508,
               0.40486690032333217,
               0.40471351550348489,
               0.40399260685192845,
               0.40579487848156243,
               0.40362448328397504,
               0.40683406063370481,
               0.40732105743563135,
               0.41009732266797555,
               0.41119402412880346,
               0.4120414752556511,
               0.41259749522635464,
               0.41270486460092193,
               0.41425021665674322,
               0.41335291546218528,
               0.41352930800392967],
    'loss': [   2.4555986634586935,
                2.1565248849842824,
                2.1164349488715564,
                2.1035329913426715,
                2.1027453853663993,
                2.1076725359437178,
                2.110048481195002,
                2.1198514599378133,
                2.1274722321215176,
                2.1389678150952309,
                2.1473508168859095,
                2.1467025298813938,
                2.1565409016338029,
                2.1588039223206912,
                2.1696780031090213,
                2.180583958545669,
                2.1812800177703839,
                2.1867454573950345,
                2.1841515673667748,
                2.1845904599533141,
                2.1964367911229998,
                2.2070670776488743,
                2.2076576798851439,
                2.2079871046292712,
                2.2118262039636019,
                2.2128486113625772,
                2.2132228674382741,
                2.2044677336641958,
                2.2035654711306982,
                2.2092589424076485,
                2.1918292434558699,
                2.1945961143640429,
                2.187390311765173,
                2.1838660614273158,
                2.1808168859787025,
                2.1796536078045565,
                2.1803861492262024,
                2.1790911642230326,
                2.1865638346758764,
                2.1833799179165441],
    'val_acc': [   0.40615027921818908,
                   0.42326677137087726,
                   0.44102909281280384,
                   0.45421683743424823,
                   0.45244683768354399,
                   0.45636078079425624,
                   0.45668486525565277,
                   0.45756986513100489,
                   0.46344077979707327,
                   0.46287986438311768,
                   0.45765711863984243,
                   0.45390521775982851,
                   0.45729563981751553,
                   0.46385211776730734,
                   0.44946775359609104,
                   0.46283000523521051,
                   0.46507366689103286,
                   0.46749183556453022,
                   0.44810909181562086,
                   0.46493655423428815,
                   0.46713035674220327,
                   0.44670057088724352,
                   0.44875726073841399,
                   0.4578191608705407,
                   0.46469972328172909,
                   0.44742352853189737,
                   0.4613840899459028,
                   0.45921521701194129,
                   0.45609902026774363,
                   0.44980430284446438,
                   0.4576945130007728,
                   0.46639493431057261,
                   0.45643556951611697,
                   0.45501458380076282,
                   0.47119387729663698,
                   0.46477451200358988,
                   0.46615810335801361,
                   0.47174232792361581,
                   0.47856056639992023,
                   0.47131852516640493],
    'val_loss': [   2.0916725604430488,
                    2.0344536728792737,
                    1.9891904977901835,
                    1.9581940005837384,
                    1.956623184185458,
                    1.9544036993700937,
                    1.9536162175674063,
                    1.9538613256560455,
                    1.9378868873137245,
                    1.9447056682958648,
                    1.9749389738710015,
                    1.9697782732983746,
                    1.9394864950600152,
                    1.9400654033231708,
                    1.9674770289850143,
                    1.9642938435414972,
                    1.9490703717994133,
                    1.9226312898553557,
                    1.9685472165629154,
                    1.9561031648819858,
                    1.9382418553849119,
                    1.9965992022615076,
                    1.9939629881805119,
                    1.9713130002602723,
                    1.9562480887428075,
                    1.9858936139309775,
                    1.9404243588599135,
                    1.9537679286799923,
                    1.9723209092342022,
                    1.9828085857034072,
                    2.0214546307294725,
                    1.9377071225104958,
                    1.967135886560782,
                    1.9939574681541354,
                    1.9502096449526729,
                    1.9690266045244256,
                    1.9527865963997595,
                    1.9086874514246857,
                    1.8884149557709726,
                    1.9162960242256872]}