Test score: 1.72114958002
Test accuracy: 0.564457017939

Number of parameters: 1236539

Image shape: (28, 28, 1)

{   'acc': [   0.32672883864752483,
               0.42932027517236621,
               0.46505510349663554,
               0.48315834681864395,
               0.49575124049927061,
               0.5022202452636978,
               0.50757337546348757,
               0.51212123536133625,
               0.5141574188416288,
               0.51535765505379361,
               0.51699887262169097,
               0.51722128060985806,
               0.51682248007868947,
               0.51777730058101867,
               0.51621661004210417,
               0.51633931789793619,
               0.51809557408011897,
               0.51610157142793289,
               0.51539216663863929,
               0.51338282550198866,
               0.51362440659247954,
               0.51368576052165271,
               0.51347869101349319,
               0.51364741431609084,
               0.51380463375676855,
               0.51292267104393252,
               0.51386982230460088,
               0.51415358421999835,
               0.51382380685737816,
               0.51322944068362708,
               0.51269642843447782,
               0.51232447024740824,
               0.51051836399751516,
               0.51130062657835906,
               0.5110053607994417,
               0.5113849882268009,
               0.5126542476104855,
               0.51041866386392309,
               0.51183747344571029,
               0.51289582869983352],
    'loss': [   2.4755515279014437,
                2.108880006100696,
                2.013244362213737,
                1.9653213394463389,
                1.9377249752397021,
                1.9152053015387744,
                1.9034944085610539,
                1.8893099871258177,
                1.8878890970022402,
                1.8867171992817948,
                1.8809913815623429,
                1.8834392621427201,
                1.8878278191450886,
                1.8857105447590106,
                1.8891239946896803,
                1.8925903903852994,
                1.8899066258149324,
                1.894456729609084,
                1.8958927721402028,
                1.9045262529270905,
                1.9043037802285645,
                1.9073338258185173,
                1.9033609240434184,
                1.9076069635347688,
                1.9109712445096234,
                1.912121822001851,
                1.9155656809888777,
                1.9100488813741991,
                1.9143631080105123,
                1.9163852515577819,
                1.9170881513136162,
                1.9200476010646557,
                1.9237917605687662,
                1.9265660900640349,
                1.926135811453302,
                1.9266177216524134,
                1.9188084822725515,
                1.9265498710583204,
                1.9268955240402057,
                1.9246870603585611],
    'val_acc': [   0.44803430309376013,
                   0.51318774462144445,
                   0.53415351631640617,
                   0.5491860494104156,
                   0.55551816119462516,
                   0.56838182135467308,
                   0.56944132824770022,
                   0.55961907610998929,
                   0.56716027223094756,
                   0.57465160920399871,
                   0.57685787649889064,
                   0.56876822975095354,
                   0.58300301647844843,
                   0.57826639742726793,
                   0.57906414379378257,
                   0.57981203101238998,
                   0.58402512901054526,
                   0.56924189165607164,
                   0.56276020242814051,
                   0.56814499040211408,
                   0.57870266497145562,
                   0.57978710143843637,
                   0.53222147433500366,
                   0.54716675392017555,
                   0.55046992246902504,
                   0.55528133024206616,
                   0.57677062299005311,
                   0.54745344402064167,
                   0.58387555156682369,
                   0.58732829755939475,
                   0.58119562236681377,
                   0.58656794555381053,
                   0.57955027048587737,
                   0.57832872136215197,
                   0.58947224091940265,
                   0.5867299877845088,
                   0.59276294468127544,
                   0.57169745469049937,
                   0.57351731358911073,
                   0.57956273527285418],
    'val_loss': [   1.99400090239891,
                    1.8402439934496564,
                    1.7938165275273075,
                    1.7318533249313621,
                    1.7678817421241726,
                    1.6621699110778652,
                    1.6688217873901752,
                    1.697997792429305,
                    1.6613000583121775,
                    1.6431309529850775,
                    1.6459169236015958,
                    1.6865411431092858,
                    1.6195094352545569,
                    1.6242798223422494,
                    1.6263048882480038,
                    1.6285715235217841,
                    1.6510153082291219,
                    1.6486790603811916,
                    1.7154789362070706,
                    1.6660715078530719,
                    1.6397582899019498,
                    1.6512952128341798,
                    2.1119077909537505,
                    1.8165599804697476,
                    1.7513603483097415,
                    1.7834435886069897,
                    1.6554713730644104,
                    1.7720489338561538,
                    1.6361245245080973,
                    1.6143456729203207,
                    1.6277879614648498,
                    1.6255126146497167,
                    1.6425184249236013,
                    1.6629588948052654,
                    1.6083651814455882,
                    1.6377100601716885,
                    1.605847033497741,
                    1.6598346848508418,
                    1.6511172517367754,
                    1.6554094554093355]}