Test score: 1.73622895781
Test accuracy: 0.55058188131

Number of parameters: 160059

Image shape: (28, 28, 1)

{   'acc': [   0.34709067343650718,
               0.4088625748711936,
               0.42292029357808741,
               0.43243398700784869,
               0.43992683544178207,
               0.44726629905483972,
               0.44873879332299632,
               0.45246220981578028,
               0.45453290487931841,
               0.45691420420143875,
               0.45787669394360042,
               0.45873564893305369,
               0.46109394053407682,
               0.46174199139534017,
               0.4622174843358039,
               0.46285019671511679,
               0.46363629391644828,
               0.46383569418226112,
               0.46408494451258442,
               0.46438021029093041,
               0.46556127340122866,
               0.46624767046896803,
               0.46571465822044739,
               0.46717181400556784,
               0.4679349034826023,
               0.46775467631968465,
               0.46110544439553969,
               0.46685737512558384,
               0.46810362678542855,
               0.46752076447085467,
               0.46919649362325472,
               0.46516630749009052,
               0.46380118259718695,
               0.46842956952687542,
               0.46747474902408909,
               0.46766648004915529,
               0.46541172320221186,
               0.46269297727603897,
               0.46322598952335969,
               0.46716414476470691],
    'loss': [   2.4324864652028819,
                2.1742758397889053,
                2.1253597472251613,
                2.0938852144360434,
                2.0732586437193188,
                2.051977709432744,
                2.0459633721625172,
                2.037969893205156,
                2.0337644013131166,
                2.0270556726118221,
                2.0213744847966186,
                2.0185409252327129,
                2.0127933073440238,
                2.013318961255302,
                2.0117478301659308,
                2.0065028214487381,
                2.0048146077987949,
                2.0095599665701283,
                2.0048977426610377,
                2.006099741807275,
                2.0014618853124424,
                2.0015327840525323,
                2.0010346575182156,
                1.9987566276603421,
                1.9997722013521213,
                1.9973512450031468,
                2.0248829140199698,
                2.0009413969645573,
                2.0048843553794704,
                2.0012440619736855,
                2.0008712382836649,
                2.0154856177414779,
                2.0156137047207383,
                1.9987230269334448,
                2.0068254863246477,
                2.0063473555878084,
                2.017775923025801,
                2.0175375597301661,
                2.0334238437473657,
                2.0152638580158198],
    'val_acc': [   0.46413880786777356,
                   0.4927454939795079,
                   0.51037070276468977,
                   0.52137710966519579,
                   0.52238675741031582,
                   0.5206790815944955,
                   0.53723231869967347,
                   0.54199386732480737,
                   0.54947273951088171,
                   0.5506194999127465,
                   0.54828858474808662,
                   0.54577069777877496,
                   0.5522897813676364,
                   0.55843492134719419,
                   0.55519407673322863,
                   0.56191259691371875,
                   0.55828534390347273,
                   0.56024231545882885,
                   0.56531548375838259,
                   0.5601176675890609,
                   0.56241118839279036,
                   0.55865928751277638,
                   0.45422930222122504,
                   0.56472963877047344,
                   0.55920773813975522,
                   0.56821977912397481,
                   0.56271034328023339,
                   0.56732231446164583,
                   0.56486675142721809,
                   0.56638745543838653,
                   0.56566449779373273,
                   0.57088724353700793,
                   0.5636950614513998,
                   0.56304689252860673,
                   0.56489168100117171,
                   0.55091865480018942,
                   0.52895570014708448,
                   0.55565527385136992,
                   0.5627352728541869,
                   0.55875900580859073],
    'val_loss': [   1.9634496417371425,
                    1.8906792629939873,
                    1.8388018989439361,
                    1.8004317537633263,
                    1.8371022938047497,
                    1.8320694756193454,
                    1.8071675518255472,
                    1.7552629499268646,
                    1.7178305835798529,
                    1.7077248767150193,
                    1.7232551723090843,
                    1.735255393317312,
                    1.7210120703422582,
                    1.6882903528704449,
                    1.6984748758101307,
                    1.6810541884501449,
                    1.7235389569546693,
                    1.6712918604207496,
                    1.6709527699918769,
                    1.6752394069727929,
                    1.6649573790677283,
                    1.6847717100878594,
                    2.1085906552801261,
                    1.6845035011628724,
                    1.6813868533153944,
                    1.6614512684273148,
                    1.6797315577301914,
                    1.6629759271538398,
                    1.6986330941293835,
                    1.6667381352821731,
                    1.7047523528384285,
                    1.6598214289638809,
                    1.6729016861508144,
                    1.6825102314338503,
                    1.6634612452358879,
                    1.7471000291294736,
                    1.8460012517032343,
                    1.6954851163804234,
                    1.6686271689067891,
                    1.7086590141079514]}