Test score: 1.86071499643
Test accuracy: 0.529166666667

Number of parameters: 611259

Image shape: (28, 28, 1)

{   'acc': [   0.34708629893238435,
               0.41363667737826848,
               0.43205435958026095,
               0.4423579848304699,
               0.44829014272594592,
               0.4532789839790699,
               0.45777315919043493,
               0.46049573973732394,
               0.46204109179360237,
               0.46493239564217481,
               0.46513563052710388,
               0.46354042840380089,
               0.46587954690124317,
               0.46714880628264221,
               0.4659255623466374,
               0.46617864729950537,
               0.46588721614290407,
               0.46561879270877138,
               0.46362095543426923,
               0.46449141428518537,
               0.46441472187543315,
               0.46362479005464258,
               0.46270448113887319,
               0.46171514905238403,
               0.46008926996540866,
               0.46187236849169039,
               0.45961761164531834,
               0.46034618953762146,
               0.46040754346542323,
               0.45848256398018572,
               0.45854775252847507,
               0.45845572163768666,
               0.45690653496160633,
               0.45763127823285044,
               0.45518479036141224,
               0.45668412697332494,
               0.45693721192550724,
               0.45478982445061694,
               0.45463643963156969,
               0.45634668037041526],
    'loss': [   2.4173215725243726,
                2.1603198068183316,
                2.1038774643746603,
                2.0783409654443661,
                2.0613444513137313,
                2.0493928257686598,
                2.0397986424672232,
                2.0354210360345264,
                2.031855877341858,
                2.0324479393728621,
                2.0345697154169815,
                2.0444867484271927,
                2.0370693875822288,
                2.0343489186150543,
                2.0407313555308773,
                2.0414509819570035,
                2.0452939782633148,
                2.0476024914224484,
                2.0552422726363964,
                2.0540963239864571,
                2.0592464772426795,
                2.0624053664527482,
                2.0632926039787129,
                2.0642012235559548,
                2.0717430368769003,
                2.0646686721271013,
                2.0948325477546148,
                2.0796790643264251,
                2.0793382747911782,
                2.0943891117875602,
                2.090527560760258,
                2.0885816398545227,
                2.0946300576984989,
                2.0930032499712858,
                2.1331540826645252,
                2.0966259239879039,
                2.1029449352332832,
                2.1042458733513167,
                2.1049795240206546,
                2.099941579088449],
    'val_acc': [   0.45756880733944955,
                   0.4893052127739137,
                   0.50138359135442379,
                   0.50982225213771093,
                   0.51602971605215264,
                   0.52706105252661228,
                   0.52972851693964551,
                   0.53496372746989751,
                   0.5403983745917782,
                   0.53898985366340091,
                   0.54088450128387311,
                   0.53680851594246259,
                   0.54334006431830084,
                   0.54286640241318274,
                   0.53807992421409523,
                   0.53228379826988759,
                   0.55088126043925911,
                   0.54663076808017352,
                   0.55049485204297854,
                   0.54266696582155416,
                   0.55334928826066365,
                   0.50770323835165654,
                   0.55079400693042158,
                   0.54577069777877496,
                   0.54572083863086784,
                   0.54287886720015954,
                   0.54477351482063174,
                   0.55565527385136992,
                   0.55813576645975116,
                   0.54701717647645398,
                   0.51156732231446167,
                   0.54964724652855679,
                   0.54447435993318871,
                   0.55140478149228433,
                   0.54686759903273252,
                   0.55833520305137985,
                   0.55659013287462922,
                   0.52681175678707648,
                   0.54218083912945925,
                   0.54094682521875703],
    'val_loss': [   1.9890328900577254,
                    1.9176569949361253,
                    1.8662256089850155,
                    1.8592318818658518,
                    1.8202985103516738,
                    1.7655230043262093,
                    1.7566250634081084,
                    1.7528571723343336,
                    1.7334751309077279,
                    1.7634931960286702,
                    1.7585057692327708,
                    1.7332115301485447,
                    1.7146120534631335,
                    1.7637636225575941,
                    1.800473269220868,
                    1.8256392659987168,
                    1.7056593605873072,
                    1.7209459098017279,
                    1.6940916520960265,
                    1.769266261725877,
                    1.6851251561006968,
                    2.0231787359289832,
                    1.6985142129023829,
                    1.7064061819388152,
                    1.7158509608032821,
                    1.7266762161761284,
                    1.7332484096981862,
                    1.6774274525573329,
                    1.6868662780347516,
                    1.727500790038563,
                    1.9720455077549586,
                    1.6960528187556461,
                    1.7563056087374578,
                    1.7297848705798102,
                    1.7213659672124566,
                    1.6881762598906709,
                    1.6866560750489898,
                    1.8526130466267656,
                    1.8116236168406317,
                    1.8151501265640935]}