Test score: 1.23198237261
Test accuracy: 0.691100823045

Number of parameters: 249883

Image shape: (28, 28, 1)

{   'acc': [   0.3124079528718704,
               0.43888070692194403,
               0.49682437407952873,
               0.53341310751104565,
               0.56001717844654175,
               0.57942133038782528,
               0.58874877270495829,
               0.60097569955817376,
               0.6147887972005398,
               0.62211585665193914,
               0.62714776632302405,
               0.63629111438389785,
               0.63936010306881796,
               0.64357817869415812,
               0.64580265095729017,
               0.64795041728031422,
               0.65650786834500485,
               0.65815230731467844,
               0.65681762395679921,
               0.65921084928816887,
               0.66373201631769063,
               0.66266261659302894,
               0.66556210112911141,
               0.66435014727540498,
               0.66831804656950244,
               0.66878375061364748,
               0.66927466863033869,
               0.67172925871379474,
               0.67529678824869499,
               0.67143777614138433,
               0.67059401080019632,
               0.67303325969563088,
               0.67545016718852768,
               0.67637763868433975,
               0.67714469808541977,
               0.67613217967599415,
               0.67813429860177332,
               0.67956860579283263,
               0.67900098183603341,
               0.67789641629847819],
    'loss': [   2.5618886727589163,
                2.0478317491786995,
                1.8649803061197363,
                1.7461661449471231,
                1.6658199966829639,
                1.6074127259064845,
                1.5705622702061575,
                1.5308939036810345,
                1.486053121591288,
                1.4711506135275274,
                1.4470524060474521,
                1.4150501930895072,
                1.4051405712374772,
                1.3895216511345752,
                1.3939316404995288,
                1.3809634453827806,
                1.3559697465430871,
                1.3469476377080338,
                1.3479959233373653,
                1.343150990057296,
                1.315660072055352,
                1.3288008593494658,
                1.3357805886219458,
                1.3268909068832107,
                1.3093471026478372,
                1.3123569493060845,
                1.3066419791988022,
                1.3064678213762546,
                1.2924105422826424,
                1.3084666111859025,
                1.2987461353144227,
                1.3043623151267694,
                1.2829165819572625,
                1.2943261663557912,
                1.2898538512052948,
                1.2846058988372193,
                1.2772149251880058,
                1.2794310599638659,
                1.2892916826096947,
                1.2846587655090151],
    'val_acc': [   0.42954726765057838,
                   0.51344950514795706,
                   0.5577493580634707,
                   0.58239224191658567,
                   0.6090793508338942,
                   0.62883603819210732,
                   0.64705955675217508,
                   0.6454391344451923,
                   0.65926258320245312,
                   0.66899758183132652,
                   0.67122877870017206,
                   0.67225089123226889,
                   0.67662603146112232,
                   0.68421708672998782,
                   0.68391793184254479,
                   0.68840525515418938,
                   0.68876673397651633,
                   0.69432602896816498,
                   0.6965322962630569,
                   0.69377757834118614,
                   0.69806546506120215,
                   0.69467504300351512,
                   0.69590905691421734,
                   0.69790342283050377,
                   0.69159624062024783,
                   0.70216637997656617,
                   0.70322588686959342,
                   0.69597138084910126,
                   0.70467180215890113,
                   0.7017550420063321,
                   0.70444743599331883,
                   0.70391145015331691,
                   0.70143095754493556,
                   0.70576870341285869,
                   0.70257771794680024,
                   0.70232842220726444,
                   0.70642933712262856,
                   0.70509560491611201,
                   0.70468426694587794,
                   0.7024904644379627],
    'val_loss': [   2.034675933185877,
                    1.7690838935995554,
                    1.6506918993360682,
                    1.5638614451374364,
                    1.4796859997478369,
                    1.4196683851933718,
                    1.3567879037778836,
                    1.3711062092563886,
                    1.3006671568136834,
                    1.2833138946177725,
                    1.2707011540913562,
                    1.2694578363878892,
                    1.2549737692859979,
                    1.2306151449393545,
                    1.2319185506033594,
                    1.2156255618456584,
                    1.2117828569543467,
                    1.1961515486036816,
                    1.1857036527032805,
                    1.1991053386570596,
                    1.1871972167791771,
                    1.1965544787899463,
                    1.1886772357174986,
                    1.181203209370294,
                    1.1958159610654713,
                    1.1653193865456459,
                    1.172668291378095,
                    1.1938092549475039,
                    1.1582098550335043,
                    1.1842617206547572,
                    1.1603442242144915,
                    1.1647437753987153,
                    1.1849799585500509,
                    1.1588985429864929,
                    1.1568658062381851,
                    1.1792496954337068,
                    1.156214696147948,
                    1.1683394130521534,
                    1.1841442572405727,
                    1.1707440688543032]}